6490202
6841101
6311603
6860502
6841606
6840103
6930302
6810205
6820704
6820805
6860302
6840206
6841716
6850405
6841402
6841601
6820405
6820106
6810202
6840705
6910701
6841210
6930504
6841208
6770401
6820804
6860704
6860204
6920405
6940403
6940704
6940602
6841209
6840706
6850203
6841103
6860401
6920504
6841602
6700102
6810303
6210104
6860703
6860110
6940212
6910503
6820603
6940304
6940903
6810305
6941001
6920611
6920113
6860205
6910201
6840603
6920503
6940701
6770102
6820403
6940409
6150301
6920406
6940910
6841203
6810704
6810301
6920107
6810801
6820303
6930301
6841710
6820406
6150203
6820702
6920603
6860113
6860706
6841709
6810802
6810103
6820401
6860410
6920407
6910107
6910104
6860705
6801213
6801502
6841708
6841403
6920614
6940914
6810108
6840501
5841401
6840502
5850401
6840208
5860601
6841207
6841205
6841201
5841301
5930603
5860102
5841602
6850102
5810402
6810101
5860303
5920402
6810404
5930402
5820201
6840204
5840203
5840501
5841501
5230101
5930501
5850102
5850104
5940902
5770101
4960201
5820401
6801501
6860102
6930401
6820505
5841502
5840501
6800504
5860104
6930605
6910504
6950401
5801502
6820601
6841701
5931101
6960607
6770306
210280006
210280005
210280012
210284004
210280022
210280011
210284006
210282001
210284014
210284002
210284007
83000
85500
6920305
5860302
6920602
6860602
6961203
5860305
6960602
78700
79900
82900
6940603
81900
6841404
6930602
6860107
